Response Surface Model

Input Parameters:
    x01 = "Closure_Type_int"
    x02 = "Label%20Panel%20Diameter"
    x03 = "Label%20Panel%20Height"
    x04 = "Label_type_int"
    x05 = "Package%20Height"
    x06 = "Storage_Temp_C"

Output Parameters:
    y01 = "Cube_efficiency"
    y02 = "Max_TopLoad_Stress_N_per_mm2"
    y03 = "Shelf_Life"
    y04 = "Total_Cost_per_M"

MODEL DATA

Number of inputs:                   6
Number of outputs:                  4
Number of recorded designs:         200

Matrix with design INPUTS:

design #             x01                     x02                     x03                     x04                     x05                     x06          
----------------------------------------------------------------------------------------------------------------------------------------------------------
       1 |                    12 |      61.6502512562814 |      71.6532663316585 |                     2 |      228.512562814072 |      30.2814070351757 |
       2 |                     8 |      66.2613065326634 |      80.2462311557793 |                     5 |      228.954773869348 |      28.3467336683416 |
       3 |                     9 |      63.8934673366835 |      74.5929648241209 |                     6 |      215.025125628142 |      26.8542713567838 |
       4 |                    12 |      63.0834170854272 |       73.989949748744 |                     6 |      232.713567839198 |      28.5125628140702 |
       5 |                    13 |      65.2020100502513 |      78.8894472361813 |                     2 |      219.889447236182 |      21.2713567839196 |
       6 |                     8 |      67.1959798994975 |      76.6281407035179 |                     8 |      205.296482412061 |      22.4321608040201 |
       7 |                    11 |      58.3477386934673 |      78.7386934673371 |                     3 |      205.959798994975 |      24.5879396984924 |
       8 |                    14 |       65.513567839196 |      74.7437185929651 |                     6 |       228.73366834171 |      20.6633165829146 |
       9 |                    14 |                    70 |       76.025125628141 |                     4 |      222.100502512564 |      22.6532663316582 |
      10 |                    11 |      69.7507537688443 |      75.1959798994978 |                     2 |      213.256281407036 |      22.9849246231155 |
      11 |                    10 |      66.0120603015076 |      79.2663316582918 |                     4 |      202.422110552764 |       30.005025125628 |
      12 |                    13 |      61.7748743718593 |      76.2512562814073 |                     3 |       200.43216080402 |      21.4924623115578 |
      13 |                    10 |      58.2854271356784 |       72.030150753769 |                     2 |        217.6783919598 |      27.1306532663315 |
      14 |                    13 |       66.697487437186 |      68.4874371859297 |                     4 |                   242 |       28.291457286432 |
      15 |                    14 |      62.6472361809045 |      66.3015075376885 |                     3 |      233.819095477389 |      23.2613065326633 |
      16 |                     9 |      62.3356783919598 |                    81 |                     5 |      218.120603015076 |      22.7085427135678 |
      17 |                     9 |       60.964824120603 |      74.5175879396987 |                     4 |      200.211055276382 |      28.5678391959798 |
      18 |                    13 |      66.8221105527639 |      66.9798994974875 |                     4 |      203.306532663317 |      29.1206030150752 |
      19 |                    10 |      58.0361809045226 |      75.2713567839199 |                     5 |      216.572864321609 |      29.8391959798993 |
      20 |                    11 |      65.3889447236181 |      66.5276381909548 |                     8 |      231.386934673368 |      25.4723618090451 |
      21 |                    13 |      61.8994974874372 |      80.7738693467341 |                     5 |      211.045226130654 |      21.5477386934673 |
      22 |                    10 |      60.5909547738694 |      66.2261306532663 |                     7 |      216.351758793971 |      24.8643216080401 |
      23 |                    12 |      60.7778894472362 |      79.6432160804024 |                     4 |      206.844221105528 |      30.4472361809043 |
      24 |                     9 |      69.0030150753769 |      75.4221105527641 |                     7 |      211.708542713568 |      30.3366834170852 |
      25 |                    11 |      64.7035175879397 |                    66 |                     5 |      203.748743718593 |      23.7035175879396 |
      26 |                     9 |      64.2673366834171 |      68.6381909547739 |                     7 |      237.798994974876 |      22.1005025125628 |
      27 |                    10 |      65.7005025125628 |      77.5326633165833 |                     8 |      200.874371859297 |      27.9045226130652 |
      28 |                    10 |      64.7035175879397 |      74.4422110552766 |                     2 |      234.703517587941 |      27.0201005025124 |
      29 |                    12 |       62.086432160804 |      73.8391959798997 |                     8 |      202.643216080402 |      30.0603015075375 |
      30 |                     9 |      69.4391959798996 |      73.6884422110555 |                     4 |      224.753768844222 |      25.7487437185929 |
      31 |                    11 |      63.7065326633166 |      68.9396984924624 |                     5 |       222.54271356784 |      20.3869346733668 |
      32 |                    13 |       62.148743718593 |      77.7587939698496 |                     7 |      241.557788944726 |      24.9195979899497 |
      33 |                    12 |                  57.6 |      69.8442211055278 |                     8 |      208.834170854272 |      27.4623115577888 |
      34 |                    11 |      58.9708542713568 |       80.698492462312 |                     7 |       226.30150753769 |      23.6482412060301 |
      35 |                    12 |      67.4452261306533 |      73.4623115577892 |                     8 |      219.226130653267 |      30.8341708542712 |
      36 |                    14 |      64.8281407035176 |      68.4120603015076 |                     6 |      208.613065326634 |       20.608040201005 |
      37 |                    15 |      64.5165829145729 |      67.8090452261307 |                     6 |      223.648241206031 |      25.2512562814069 |
      38 |                    15 |      58.2231155778895 |      69.2412060301508 |                     6 |      214.582914572865 |      24.4221105527637 |
      39 |                    12 |      68.7537688442212 |      75.5728643216083 |                     8 |      235.145728643218 |      21.7135678391959 |
      40 |                     9 |      60.2170854271357 |      69.0150753768845 |                     3 |       206.62311557789 |      22.2663316582914 |
      41 |                     9 |      61.2763819095478 |      66.6030150753769 |                     4 |      229.618090452263 |      22.2110552763819 |
      42 |                    13 |      67.5075376884423 |      69.4673366834172 |                     6 |      240.894472361811 |      23.1507537688442 |
      43 |                    13 |      66.0743718592965 |      78.9648241206034 |                     9 |      212.150753768845 |      27.4070351758793 |
      44 |                    14 |      60.4663316582915 |       66.678391959799 |                     4 |      213.035175879398 |      29.0653266331657 |
      45 |                    15 |      58.6592964824121 |      77.3065326633169 |                     7 |      222.763819095479 |      24.2562814070351 |
      46 |                    12 |      68.2552763819096 |      73.8391959798997 |                     2 |      224.311557788946 |      29.3417085427134 |
      47 |                    11 |      63.3949748743719 |      70.5979899497489 |                     4 |      241.778894472364 |      23.9246231155778 |
      48 |                    11 |      63.0211055276382 |      67.9597989949749 |                     2 |      209.939698492463 |      29.1758793969848 |
      49 |                    13 |      66.4482412060302 |      71.5025125628142 |                     3 |      209.497487437186 |      20.1105527638191 |
      50 |                    14 |       68.878391959799 |      67.7336683417086 |                     4 |      222.984924623117 |      22.8190954773869 |
      51 |                    10 |      64.6412060301508 |      80.6231155778899 |                     8 |      220.552763819097 |      25.6381909547738 |
      52 |                    13 |      57.7246231155779 |      78.4371859296486 |                     7 |      206.402010050252 |      26.7989949748743 |
      53 |                    14 |      67.9437185929649 |      76.1758793969852 |                     5 |      239.567839195982 |      29.7839195979898 |
      54 |                     8 |      64.3296482412061 |      73.3115577889449 |                     6 |      240.010050251258 |      26.9095477386933 |
      55 |                     8 |       67.756783919598 |      75.4974874371862 |                     4 |      201.537688442211 |      25.1407035175878 |
      56 |                    13 |      67.1336683417086 |      78.6633165829149 |                     4 |      241.336683417087 |      21.8793969849246 |
      57 |                    15 |      61.2140703517588 |      68.3366834170855 |                     4 |      236.251256281409 |      28.7889447236179 |
      58 |                    12 |       59.905527638191 |      73.3869346733671 |                     5 |      218.783919597991 |      24.6432160804019 |
      59 |                    11 |      69.5015075376885 |      72.8592964824123 |                     3 |      238.020100502514 |      24.3668341708542 |
      60 |                     9 |      57.6623115577889 |      72.6331658291459 |                     7 |      207.728643216081 |      24.8090452261306 |
      61 |                    11 |      65.0150753768845 |      80.5477386934678 |                     7 |      237.135678391962 |      21.6030150753769 |
      62 |                    12 |      62.8341708542714 |      76.7788944723621 |                     2 |      215.909547738694 |      26.5226130653265 |
      63 |                     9 |      58.4100502512563 |      69.6934673366835 |                     7 |      227.849246231157 |      20.9949748743718 |
      64 |                    12 |        58.78391959799 |      70.8241206030152 |                     3 |      201.979899497488 |      24.6984924623115 |
      65 |                    11 |      64.0804020100503 |      67.4321608040201 |                     5 |      223.206030150755 |      26.6884422110552 |
      66 |                    10 |       64.391959798995 |      74.9698492462314 |                     8 |      220.773869346735 |      20.4422110552764 |
      67 |                    11 |      58.0984924623116 |      76.8542713567842 |                     6 |      210.381909547739 |      20.5527638190955 |
      68 |                    14 |      57.9738693467337 |      77.2311557788948 |                     3 |      219.889447236182 |      22.0452261306532 |
      69 |                    10 |      61.0894472361809 |      75.1206030150756 |                     3 |       213.91959798995 |                    20 |
      70 |                    13 |      59.7809045226131 |      66.4522613065327 |                     7 |      231.608040201007 |      22.7085427135678 |
      71 |                    11 |      69.8130653266332 |      74.2160804020103 |                     5 |      205.738693467337 |      27.5728643216079 |
      72 |                    12 |      69.0653266331659 |       79.341708542714 |                     6 |      222.100502512564 |      29.2311557788943 |
      73 |                     8 |      61.4633165829146 |      76.4020100502516 |                     5 |      199.768844221106 |      22.3768844221105 |
      74 |                     9 |      60.3417085427136 |      80.1708542713572 |                     6 |      203.085427135679 |      27.5175879396984 |
      75 |                    13 |      68.6291457286433 |      66.0753768844221 |                     7 |      212.371859296483 |      25.4723618090451 |
      76 |                    11 |      68.3175879396985 |       77.381909547739 |                     7 |      241.115577889449 |      26.3015075376883 |
      77 |                    11 |      58.8462311557789 |      73.1608040201007 |                     9 |      224.974874371861 |      23.7587939698492 |
      78 |                    12 |      68.0060301507538 |       80.020100502513 |                     7 |      217.236180904524 |      21.1055276381909 |
      79 |                     9 |       60.964824120603 |      79.7185929648245 |                     3 |      218.341708542715 |      28.4020100502511 |
      80 |                    14 |      60.0301507537689 |      72.4824120603017 |                     5 |      236.472361809047 |       22.321608040201 |
      81 |                    12 |      59.0331658291457 |      67.6582914572865 |                     6 |      204.412060301508 |      21.3266331658291 |
      82 |                    15 |      69.2522613065327 |      71.9547738693469 |                     3 |      211.929648241207 |       27.683417085427 |
      83 |                    11 |      63.6442211055277 |      70.0703517587941 |                     2 |      221.658291457288 |      23.4271356783919 |
      84 |                     9 |      67.6321608040201 |      72.7839195979901 |                     2 |      210.824120603016 |      29.6180904522611 |
      85 |                     9 |      60.6532663316583 |      70.3718592964825 |                     7 |      209.718592964825 |      30.2261306532662 |
      86 |                    12 |      68.4422110552764 |      70.7487437185931 |                     8 |      198.884422110553 |      28.4572864321607 |
      87 |                    10 |      59.5939698492462 |      68.7889447236182 |                     8 |      240.231155778896 |      26.2462311557788 |
      88 |                    13 |      67.2582914572865 |       78.060301507538 |                     6 |      201.095477386935 |       30.613065326633 |
      89 |                    12 |      57.9115577889447 |      79.0402010050255 |                     4 |      227.185929648243 |      27.2964824120602 |
      90 |                    12 |      68.5668341708543 |      75.9497487437189 |                     8 |      199.989949748744 |       23.537688442211 |
      91 |                    14 |      65.3266331658292 |      77.4572864321611 |                     4 |      218.562814070353 |      30.5025125628139 |
      92 |                     9 |      69.6261306532664 |      69.9195979899499 |                     7 |      234.261306532665 |      27.2412060301506 |
      93 |                    12 |      63.5195979899498 |      66.3768844221106 |                     7 |      208.834170854272 |      29.5628140703516 |
      94 |                    14 |      60.4040201005025 |      70.0703517587941 |                     3 |      216.793969849247 |      20.3316582914573 |
      95 |                    12 |      69.5638190954774 |      71.8040201005027 |                     6 |      215.467336683418 |      21.1608040201005 |
      96 |                    13 |      66.1366834170855 |      68.1859296482413 |                     8 |      225.859296482413 |      20.7738693467337 |
      97 |                     9 |      69.6884422110553 |      69.5427135678393 |                     6 |      207.949748743719 |       24.753768844221 |
      98 |                     8 |      59.6562814070352 |      78.8140703517592 |                     6 |      227.628140703519 |      26.4120603015074 |
      99 |                    10 |      68.1929648241207 |      80.9246231155783 |                     6 |      208.391959798995 |      24.9748743718592 |
      100 |                    10 |      62.7095477386935 |      71.0502512562816 |                     8 |                   198 |      25.5829145728642 |
      101 |                    12 |      57.8492462311558 |      70.9748743718594 |                     4 |      237.577889447238 |      26.5778894472361 |
      102 |                    13 |      57.7869346733668 |      73.4623115577892 |                     8 |      236.030150753771 |      28.0150753768843 |
      103 |                    11 |      64.0804020100503 |      73.2361809045228 |                     6 |      202.201005025126 |      20.8844221105528 |
      104 |                    10 |      68.0683417085428 |      73.6130653266334 |                     5 |      236.914572864323 |      20.4974874371859 |
      105 |                     8 |      66.8844221105528 |      70.2211055276383 |                     3 |      233.155778894474 |      22.1557788944723 |
      106 |                    10 |      60.8402010050251 |       67.356783919598 |                     3 |      236.693467336685 |      27.6281407035174 |
      107 |                    13 |      67.3829145728644 |      79.4924623115582 |                     3 |       204.19095477387 |      27.3517587939697 |
      108 |                    14 |       59.843216080402 |      71.4271356783921 |                     2 |      221.879396984926 |      25.7487437185929 |
      109 |                    15 |      65.8251256281407 |      73.0854271356786 |                     3 |       233.59798994975 |      25.6934673366833 |
      110 |                     9 |      67.5698492462312 |      67.5829145728644 |                     4 |      235.587939698494 |      28.0703517587938 |
      111 |                    14 |      59.2824120603015 |      74.8190954773872 |                     6 |      199.105527638191 |      22.4874371859296 |
      112 |                    10 |      63.1457286432161 |      79.1155778894476 |                     7 |      216.130653266333 |                    31 |
      113 |                    11 |      61.7125628140704 |      70.4472361809047 |                     9 |      225.638190954775 |      29.3969849246229 |
      114 |                    14 |      62.2733668341709 |      69.0904522613066 |                     6 |      198.442211055276 |      26.1356783919597 |
      115 |                    10 |      68.6914572864322 |      68.1859296482413 |                     5 |      217.457286432162 |      30.1155778894471 |
      116 |                    15 |      61.5879396984925 |      71.2763819095479 |                     9 |      231.829145728645 |      23.9798994974874 |
      117 |                     8 |      66.9467336683418 |      76.4773869346737 |                     7 |      229.839195979901 |      23.2613065326633 |
      118 |                     8 |      61.8371859296483 |      72.1809045226132 |                     9 |      225.417085427137 |      25.0854271356783 |
      119 |                    11 |      63.7688442211056 |      79.1909547738697 |                     4 |      230.060301507539 |      30.7236180904521 |
      120 |                     8 |      60.6532663316583 |      78.2110552763823 |                     8 |      210.603015075377 |      22.5979899497487 |
      121 |                    14 |      60.5286432160804 |      74.0653266331661 |                     9 |      208.170854271357 |      25.3065326633165 |
      122 |                     9 |      59.2201005025126 |      75.8743718592968 |                     4 |      238.462311557791 |      28.9547738693466 |
      123 |                    15 |      63.9557788944724 |      74.2160804020103 |                     4 |      212.814070351759 |      24.3115577889447 |
      124 |                     8 |      58.9085427135678 |       70.673366834171 |                     5 |      227.407035175881 |      26.3015075376883 |
      125 |                    11 |      64.2050251256282 |      73.0100502512565 |                     5 |       211.48743718593 |      30.5577889447234 |
      126 |                     9 |      59.7185929648241 |      73.7638190954776 |                     7 |      234.040201005027 |      30.3919597989948 |
      127 |                     9 |      67.3206030150754 |      69.1658291457287 |                     3 |      209.276381909548 |      20.9396984924623 |
      128 |                    10 |      64.8904522613066 |      79.7939698492466 |                     3 |      203.306532663317 |      22.9849246231155 |
      129 |                    13 |      62.9587939698493 |      80.8492462311562 |                     6 |      220.994974874373 |      26.9648241206029 |
      130 |                     9 |      59.9678391959799 |      77.1557788944727 |                     8 |      233.376884422112 |      20.7185929648241 |
      131 |                    14 |      68.3798994974875 |      79.4170854271361 |                     7 |      232.271356783921 |      25.1959798994974 |
      132 |                    14 |      60.0924623115578 |      78.3618090452265 |                     8 |      220.994974874373 |      29.7286432160802 |
      133 |                    12 |      58.4723618090452 |      66.1507537688442 |                     4 |      220.331658291458 |      24.5326633165828 |
      134 |                    11 |      58.5969849246231 |      71.1256281407037 |                     3 |      232.934673366836 |      21.0502512562814 |
      135 |                    10 |      62.8964824120603 |      80.0954773869351 |                     4 |      239.125628140705 |      25.4170854271356 |
      136 |                    13 |      65.4512562814071 |      79.8693467336687 |                     8 |       234.92462311558 |      29.6733668341707 |
      137 |                    14 |      61.5256281407035 |      77.0804020100506 |                     4 |      239.346733668344 |      29.0100502512561 |
      138 |                     8 |      63.2080402010051 |      74.8944723618093 |                     2 |       215.24623115578 |      24.4773869346733 |
      139 |                     9 |      66.1989949748744 |      75.6482412060304 |                     8 |       231.16582914573 |      29.8944723618089 |
      140 |                    14 |      65.7628140703518 |       69.316582914573 |                     5 |      224.311557788946 |      30.9447236180903 |
      141 |                     9 |      58.4723618090452 |      77.9095477386938 |                     3 |      229.175879396986 |      23.3718592964823 |
      142 |                    14 |      65.9497487437186 |      67.0552763819096 |                     2 |      223.206030150755 |      27.8492462311556 |
      143 |                    15 |      65.0150753768845 |      76.3266331658294 |                     7 |      206.180904522613 |      21.6030150753769 |
      144 |                     9 |      66.5105527638191 |      69.6180904522614 |                     9 |      213.698492462312 |      27.9597989949747 |
      145 |                    13 |      65.6381909547739 |      71.8793969849248 |                     3 |      234.482412060303 |      20.2763819095477 |
      146 |                    14 |      63.7688442211056 |      66.7537688442211 |                     3 |      207.507537688443 |       24.145728643216 |
      147 |                    13 |      69.9376884422111 |      71.5778894472363 |                     6 |      226.964824120604 |       27.075376884422 |
      148 |                    15 |       64.391959798995 |      74.9698492462314 |                     7 |      226.522613065328 |      28.1256281407034 |
      149 |                    12 |       58.721608040201 |      72.1055276381911 |                     5 |      199.326633165829 |      29.9497487437184 |
      150 |                     8 |      62.3979899497488 |      74.5929648241209 |                     5 |      230.502512562816 |      21.7688442211055 |
      151 |                     8 |      63.5819095477387 |      67.0552763819096 |                     7 |      228.291457286434 |      28.8442211055275 |
      152 |                    10 |      65.2643216080402 |      77.6080402010054 |                     2 |      232.492462311559 |      21.4371859296482 |
      153 |                    11 |      59.4070351758794 |      80.3969849246235 |                     7 |      235.366834170856 |      29.4522613065325 |
      154 |                     9 |      67.0090452261307 |        76.70351758794 |                     5 |      214.140703517589 |      20.1658291457286 |
      155 |                    12 |      63.4572864321608 |      76.9296482412064 |                     5 |      200.653266331658 |      26.0251256281406 |
      156 |                    15 |      62.4603015075377 |      78.1356783919602 |                     6 |      204.412060301508 |      28.1809045226129 |
      157 |                    10 |      59.3447236180905 |      67.2060301507538 |                     5 |      205.075376884422 |      27.7939698492461 |
      158 |                    10 |      67.6944723618091 |      79.5678391959803 |                     2 |      219.005025125629 |      27.1859296482411 |
      159 |                    13 |      66.3236180904523 |      72.9346733668344 |                     9 |      238.683417085429 |      26.7437185929647 |
      160 |                    10 |      59.5316582914573 |      76.5527638190958 |                     9 |      213.477386934674 |      27.7386934673366 |
      161 |                    11 |      59.0954773869347 |       68.035175879397 |                     6 |      226.743718592966 |      30.1708542713566 |
      162 |                    12 |      61.2763819095478 |      77.6834170854275 |                     5 |      232.050251256283 |      20.2211055276382 |
      163 |                    13 |      61.1517587939699 |      66.9045226130654 |                     9 |      211.045226130654 |      23.2060301507537 |
      164 |                     8 |      65.1396984924623 |      67.8090452261307 |                     4 |      214.804020100503 |      26.0251256281406 |
      165 |                    10 |       68.940703517588 |       69.994974874372 |                     9 |      226.080402010052 |      21.9899497487437 |
      166 |                    14 |      59.0954773869347 |      77.9849246231159 |                     3 |      205.517587939699 |       26.467336683417 |
      167 |                    10 |      68.1306532663317 |      74.3668341708545 |                     5 |      235.809045226132 |      30.7788944723616 |
      168 |                    10 |      60.1547738693467 |      70.8994974874373 |                     9 |      207.286432160804 |      20.7738693467337 |
      169 |                    10 |      58.1608040201005 |       75.346733668342 |                     6 |      240.673366834173 |      23.8693467336683 |
      170 |                    13 |      67.0713567839196 |      80.3216080402014 |                     3 |      230.944723618092 |      26.5778894472361 |
      171 |                    11 |      64.9527638190955 |      71.7286432160806 |                     3 |      199.547738693467 |      25.0301507537688 |
      172 |                    13 |      61.4010050251256 |      76.1005025125631 |                     2 |      238.241206030153 |      24.0351758793969 |
      173 |                     9 |      62.7718592964824 |        71.35175879397 |                     4 |      224.090452261308 |      30.6683417085425 |
      174 |                    14 |      67.8814070351759 |      67.2814070351759 |                     8 |      228.070351758795 |      28.7336683417084 |
      175 |                    15 |      66.7597989949749 |      71.2010050251258 |                     7 |      207.065326633166 |      28.6783919597988 |
      176 |                    10 |      62.0241206030151 |      77.0050251256285 |                     9 |       239.78894472362 |      25.9698492462311 |
      177 |                    13 |      60.2793969849246 |       72.708542713568 |                     7 |      217.899497487438 |      20.0552763819096 |
      178 |                    15 |      62.5849246231156 |      79.9447236180909 |                     4 |      230.723618090454 |      23.4824120603014 |
      179 |                    12 |      64.5788944723618 |      72.3316582914575 |                     8 |      215.688442211056 |       25.361809045226 |
      180 |                    11 |      69.3145728643217 |      68.1105527638192 |                     3 |      214.361809045227 |      25.9145728643215 |
      181 |                    14 |       66.635175879397 |      69.6934673366835 |                     9 |      201.095477386935 |      23.5929648241205 |
      182 |                    14 |      69.1276381909548 |      77.8341708542717 |                     6 |      209.939698492463 |      26.1909547738692 |
      183 |                    12 |      62.5226130653267 |      72.2562814070354 |                     8 |      240.452261306535 |        21.21608040201 |
      184 |                    14 |      63.3326633165829 |      72.4070351758796 |                     3 |       202.86432160804 |      28.6231155778893 |
      185 |                    14 |       63.270351758794 |      78.5879396984928 |                     9 |      225.195979899499 |      22.5427135678392 |
      186 |                    11 |      65.8874371859297 |      75.7989949748747 |                     5 |       223.86934673367 |      24.0904522613065 |
      187 |                    13 |       67.819095477387 |      78.2864321608044 |                     4 |      201.758793969849 |       21.824120603015 |
      188 |                     9 |       65.575879396985 |      69.3919597989951 |                     5 |      198.221105527638 |       28.899497487437 |
      189 |                     8 |      64.0180904522613 |      70.2964824120604 |                     6 |      212.592964824121 |      21.9346733668341 |
      190 |                    10 |      68.8160804020101 |      66.8291457286432 |                     5 |      229.396984924625 |      23.0954773869346 |
      191 |                    13 |      61.9618090452261 |      67.5075376884423 |                     7 |      238.904522613067 |      28.2361809045225 |
      192 |                    15 |      69.1899497487438 |      72.5577889447238 |                     8 |      221.437185929649 |      24.2010050251256 |
      193 |                    14 |      59.4070351758794 |      74.1407035175882 |                     5 |      219.447236180906 |       29.507537688442 |
      194 |                    13 |      68.5045226130654 |      70.4472361809047 |                     5 |      198.663316582915 |      23.8140703517587 |
      195 |                    15 |      60.9025125628141 |      68.8643216080403 |                     8 |      217.015075376885 |      29.2864321608039 |
      196 |                    12 |      62.2110552763819 |      78.5125628140707 |                     8 |      203.969849246231 |       22.929648241206 |
      197 |                    11 |      66.5728643216081 |      68.5628140703518 |                     8 |      204.854271356784 |      21.3266331658291 |
      198 |                    11 |      66.3859296482412 |      68.7135678391961 |                     7 |        237.3567839196 |      30.8894472361807 |
      199 |                    11 |      69.8753768844222 |      75.7236180904525 |                     8 |      219.668341708544 |       25.859296482412 |
      200 |                    10 |      69.3768844221106 |      80.4723618090457 |                     4 |      230.281407035177 |      22.8743718592964 |

Matrix with design OUTPUTS:

design #             y01                     y02                     y03                     y04          
----------------------------------------------------------------------------------------------------------
       1 |               91.9506 |         292.477813721 |                   224 |                69.727 |
       2 |               83.7532 |         292.980651855 |                   250 |                77.097 |
       3 |               86.5234 |         293.791137695 |                   269 |               84.7506 |
       4 |               78.0341 |         292.856781006 |                   242 |               73.4091 |
       5 |               84.4588 |         292.380432129 |                   343 |               79.6498 |
       6 |               82.6087 |         291.851593018 |                   337 |               73.1944 |
       7 |               82.8756 |         289.836883545 |                   290 |               81.4488 |
       8 |               87.8559 |         294.890380859 |                   347 |              111.8081 |
       9 |               77.1835 |         293.523162842 |                   329 |              114.5424 |
      10 |               78.0106 |         293.750671387 |                   329 |               89.2428 |
      11 |               81.4521 |         290.095703125 |                   243 |               86.9978 |
      12 |               80.6514 |         290.005523682 |                   343 |               74.6814 |
      13 |                87.591 |         291.338592529 |                   254 |               84.7577 |
      14 |               81.1481 |         293.948547363 |                   244 |               84.8448 |
      15 |               78.4049 |         294.079742432 |                   301 |              112.1746 |
      16 |               87.7689 |         291.303466797 |                   318 |               84.6588 |
      17 |               80.5624 |         292.526824951 |                   251 |               81.2693 |
      18 |               81.8079 |         293.101348877 |                   252 |                77.304 |
      19 |               87.1462 |         291.685272217 |                   227 |               84.7933 |
      20 |               77.5893 |         295.556976318 |                   279 |               90.4065 |
      21 |               84.9219 |         290.834869385 |                   337 |               76.4101 |
      22 |               87.0572 |         292.652893066 |                   285 |                85.752 |
      23 |               83.2315 |          290.13583374 |                   229 |               66.7629 |
      24 |               77.4444 |         292.115753174 |                   240 |               88.1354 |
      25 |               81.9859 |         294.647216797 |                   314 |                84.006 |
      26 |               79.7394 |         293.388000488 |                   318 |               89.9832 |
      27 |               80.8293 |         289.940307617 |                   266 |               86.7486 |
      28 |               78.7014 |         294.469421387 |                   260 |               92.6345 |
      29 |                81.541 |         290.963897705 |                   236 |               66.8768 |
      30 |               78.1056 |         294.237091064 |                   285 |               90.6956 |
      31 |               89.5483 |         293.868499756 |                   351 |               86.1925 |
      32 |               80.9998 |         293.068389893 |                   277 |               82.6951 |
      33 |               84.0322 |         291.991241455 |                   252 |               65.2988 |
      34 |               91.0608 |         292.008758545 |                   294 |               84.6298 |
      35 |               80.1944 |         295.046630859 |                   230 |                72.963 |
      36 |               83.9432 |         293.634399414 |                   358 |              107.8905 |
      37 |               89.9932 |         294.148071289 |                   284 |              112.5715 |
      38 |               86.3454 |         291.517883301 |                   286 |              108.1826 |
      39 |               78.8497 |         293.985168457 |                   333 |               77.0924 |
      40 |               83.1425 |         292.208770752 |                   323 |               81.4797 |
      41 |               92.3954 |         293.750213623 |                   315 |               85.0412 |
      42 |               80.7774 |         294.337524414 |                   307 |               85.1804 |
      43 |               81.4865 |          291.22366333 |                   268 |               79.4578 |
      44 |               85.7226 |         292.828613281 |                   239 |              106.2155 |
      45 |               89.6373 |         292.048187256 |                   287 |              109.7882 |
      46 |               77.9519 |         295.229248047 |                   244 |               74.4451 |
      47 |                81.074 |         293.626281738 |                   290 |               90.7855 |
      48 |               84.4771 |         293.533599854 |                   243 |               83.8857 |
      49 |               84.2991 |         292.907897949 |                   369 |               78.1355 |
      50 |               81.5693 |         296.384735107 |                   323 |              113.0328 |
      51 |               84.7136 |         292.123260498 |                   283 |               89.6141 |
      52 |               83.0535 |         289.807189941 |                   262 |               73.5964 |
      53 |               80.3325 |         293.960510254 |                   233 |              116.3981 |
      54 |               80.4808 |         294.209777832 |                   258 |                78.266 |
      55 |               81.0962 |          289.90914917 |                   302 |                72.763 |
      56 |               80.9257 |         293.533111572 |                   325 |               85.4566 |
      57 |               79.2204 |          292.41619873 |                   234 |              114.6681 |
      58 |               88.0359 |         292.015716553 |                   286 |                67.781 |
      59 |               79.8135 |         294.634094238 |                   296 |               93.6912 |
      60 |               83.5873 |         290.598022461 |                   284 |               80.5781 |
      61 |                79.517 |         292.755157471 |                   328 |               91.5046 |
      62 |               86.8792 |         292.190643311 |                   271 |               68.8551 |
      63 |               91.6836 |         292.218231201 |                   327 |               83.4707 |
      64 |               81.2741 |         292.502380371 |                   290 |               64.8309 |
      65 |               89.8152 |         294.062011719 |                   267 |               86.4166 |
      66 |               88.8366 |         293.073394775 |                   353 |               88.7647 |
      67 |                84.655 |         290.400238037 |                   343 |               81.9285 |
      68 |               88.4807 |         290.565948486 |                   316 |              106.1541 |
      69 |               86.0785 |         291.872161865 |                   357 |               85.9136 |
      70 |               77.6634 |         291.722015381 |                   304 |                79.675 |
      71 |               75.2606 |         292.689605713 |                   273 |               88.3608 |
      72 |               77.1835 |         292.600585938 |                   247 |               74.9993 |
      73 |               80.3844 |         289.865539551 |                   329 |               69.3272 |
      74 |                81.719 |         290.041503906 |                   260 |                81.395 |
      75 |               81.5714 |         296.239013672 |                   293 |               80.0064 |
      76 |               80.8515 |         293.910522461 |                   270 |               93.7882 |
      77 |                90.527 |         291.207977295 |                   292 |               84.3361 |
      78 |               79.4664 |         291.904449463 |                   353 |               73.2076 |
      79 |               87.8579 |         292.554656982 |                   246 |               83.8089 |
      80 |               79.2946 |          292.54397583 |                   308 |              111.4613 |
      81 |               82.2528 |          291.94519043 |                   335 |               65.2084 |
      82 |               77.5252 |         293.214477539 |                   268 |              114.6194 |
      83 |               89.1925 |         293.762939453 |                   307 |               85.8854 |
      84 |               80.9769 |         292.938232422 |                   245 |               86.4008 |
      85 |               84.3881 |         293.401184082 |                   229 |               82.2562 |
      86 |               80.0285 |         290.880523682 |                   264 |               69.4532 |
      87 |                80.555 |         292.162902832 |                   257 |               90.6995 |
      88 |               80.9183 |         291.939117432 |                   239 |               77.6385 |
      89 |               91.4167 |         290.579498291 |                   249 |               67.9746 |
      90 |               76.8155 |         289.685333252 |                   326 |               70.3964 |
      91 |               83.9493 |          293.72454834 |                   231 |              110.4203 |
      92 |               78.5531 |         295.074584961 |                   263 |               92.4709 |
      93 |               84.0322 |         294.657073975 |                   240 |               68.0218 |
      94 |               87.2351 |         293.646087646 |                   348 |              106.7552 |
      95 |               78.8194 |         293.689361572 |                   354 |               73.3298 |
      96 |               86.7519 |         294.493988037 |                   347 |               80.8011 |
      97 |               76.0694 |         294.343536377 |                   306 |               87.6081 |
      98 |               91.5946 |         291.443908691 |                   262 |               72.1563 |
      99 |               80.0427 |         290.622070313 |                   302 |               89.5786 |
      100 |               79.6727 |         290.867736816 |                   289 |               84.6567 |
      101 |               79.6653 |         290.302062988 |                   251 |               71.1403 |
      102 |               79.1463 |         290.249816895 |                   237 |               79.5337 |
      103 |               81.3631 |         291.096618652 |                   356 |               83.7524 |
      104 |               79.4428 |         294.265441895 |                   349 |               94.9682 |
      105 |               78.1824 |         294.401428223 |                   324 |               78.5246 |
      106 |               79.3687 |          292.17489624 |                   245 |                90.643 |
      107 |               82.1638 |           290.2109375 |                   273 |               78.1376 |
      108 |               89.2814 |         293.149841309 |                   271 |              107.0879 |
      109 |               78.3307 |         293.652587891 |                   277 |              116.9367 |
      110 |                78.998 |         295.740661621 |                   251 |               91.3717 |
      111 |               80.1175 |         289.651977539 |                   322 |              104.0926 |
      112 |               86.9682 |         291.652709961 |                   225 |                87.546 |
      113 |               90.7939 |         292.699890137 |                   233 |               85.8276 |
      114 |               79.8506 |         292.653625488 |                   281 |              105.2679 |
      115 |               79.5473 |         296.088867188 |                   238 |               91.2175 |
      116 |               77.7376 |          292.23538208 |                   292 |              114.6307 |
      117 |               84.0767 |         293.815307617 |                   312 |               77.4264 |
      118 |                90.705 |         292.632110596 |                   281 |               73.0292 |
      119 |               88.3654 |         292.636871338 |                   223 |                88.128 |
      120 |                84.744 |         291.989685059 |                   319 |               70.5672 |
      121 |               83.7653 |         291.454467773 |                   284 |               106.127 |
      122 |               79.9618 |         290.672668457 |                   230 |               87.5527 |
      123 |               85.6337 |         292.498382568 |                   301 |              111.0666 |
      124 |               91.5057 |         291.476318359 |                   261 |               71.5044 |
      125 |               85.0998 |          293.89263916 |                   231 |               85.1138 |
      126 |                78.479 |         292.427398682 |                   218 |               87.2158 |
      127 |               84.2102 |         293.479309082 |                   357 |               85.4447 |
      128 |               81.8079 |         290.382598877 |                   326 |               86.5028 |
      129 |               88.9256 |          293.05267334 |                   264 |               78.3234 |
      130 |               78.2566 |         290.817687988 |                   333 |               87.4799 |
      131 |               77.8859 |         294.687194824 |                   288 |              115.7598 |
      132 |               88.9256 |          292.64666748 |                   230 |              107.6481 |
      133 |               88.6587 |          291.51675415 |                   283 |               66.9551 |
      134 |               78.1083 |         291.903717041 |                   324 |                86.985 |
      135 |               80.1842 |         293.453735352 |                   274 |               92.6223 |
      136 |               78.7756 |         292.935760498 |                   233 |               83.8127 |
      137 |               80.2584 |         292.061676025 |                   232 |              112.7757 |
      138 |               86.6123 |         292.433319092 |                   297 |               72.0843 |
      139 |               77.5151 |         293.407012939 |                   233 |               90.5155 |
      140 |               86.1574 |         295.418518066 |                   224 |              111.1368 |
      141 |               92.2175 |         290.533172607 |                   295 |               83.8453 |
      142 |               85.7327 |         294.761230469 |                   256 |              110.7808 |
      143 |               82.9646 |         292.153167725 |                   345 |              110.8606 |
      144 |               85.9895 |         293.983398438 |                   260 |                85.963 |
      145 |               78.6273 |         293.570556641 |                   350 |               83.3053 |
      146 |               83.4984 |         293.759460449 |                   304 |              107.0826 |
      147 |                78.874 |         295.935638428 |                   269 |               84.1784 |
      148 |               87.0066 |         293.365783691 |                   251 |               113.755 |
      149 |               80.2065 |         292.789550781 |                   232 |               64.6027 |
      150 |               92.7513 |         293.659851074 |                   324 |               73.9076 |
      151 |               91.8616 |          293.78918457 |                   240 |                73.938 |
      152 |                 77.96 |         294.428710938 |                   334 |               92.7722 |
      153 |               78.9238 |          290.67855835 |                   227 |               88.1499 |
      154 |               82.2508 |         293.848602295 |                   367 |               86.9238 |
      155 |               80.7403 |         289.975982666 |                   284 |               67.2666 |
      156 |               82.2528 |         290.221221924 |                   256 |              109.2679 |
      157 |               82.5197 |         292.167602539 |                   253 |               83.6815 |
      158 |               80.1135 |         292.300018311 |                   269 |               91.2628 |
      159 |                80.036 |         293.750701904 |                   263 |               84.6181 |
      160 |               85.9006 |         292.277313232 |                   252 |               85.4039 |
      161 |               91.2388 |         291.761688232 |                   221 |                84.276 |
      162 |               77.8117 |         292.936889648 |                   344 |               72.5314 |
      163 |               84.9219 |          293.23626709 |                   310 |               75.7527 |
      164 |               86.4344 |         295.448669434 |                   280 |               72.8747 |
      165 |               78.5666 |         296.125335693 |                   334 |                 93.48 |
      166 |               82.6977 |         292.604400635 |                   269 |              104.8642 |
      167 |               79.0721 |         295.315643311 |                   225 |               94.8811 |
      168 |               83.4094 |         293.074584961 |                   345 |               84.7049 |
      169 |               80.7033 |         291.187255859 |                   283 |               90.0498 |
      170 |                77.441 |         293.122894287 |                   270 |               83.9822 |
      171 |               80.2954 |         292.416259766 |                   300 |               83.7183 |
      172 |               79.8877 |         292.753387451 |                   288 |                81.572 |
      173 |               90.1712 |         293.189483643 |                   223 |               85.2603 |
      174 |               83.4296 |         295.018890381 |                   247 |              113.3536 |
      175 |               83.3204 |         293.928833008 |                   256 |              111.6456 |
      176 |               80.4067 |         291.964019775 |                   265 |               92.3578 |
      177 |                 87.68 |         292.270477295 |                   351 |               76.2331 |
      178 |               77.3669 |         293.268371582 |                   302 |               115.103 |
      179 |               86.7903 |         294.161376953 |                   287 |               69.8527 |
      180 |                78.415 |         294.611968994 |                   287 |               88.9006 |
      181 |               80.9183 |         293.167022705 |                   321 |               108.085 |
      182 |               76.7973 |         291.164733887 |                   287 |              111.8298 |
      183 |               80.6291 |         292.141174316 |                   326 |               74.2408 |
      184 |                 81.63 |         292.713226318 |                   253 |              106.4762 |
      185 |                90.616 |         293.688476563 |                   318 |              110.0177 |
      186 |               85.9875 |         293.480895996 |                   302 |               88.3315 |
      187 |               81.1852 |         289.784790039 |                   349 |               78.0343 |
      188 |               79.7616 |          291.51373291 |                   255 |                83.143 |
      189 |               85.5447 |         293.399658203 |                   334 |               72.1015 |
      190 |               79.7192 |         295.321350098 |                   316 |               93.5331 |
      191 |               80.1101 |           415.4815979 |                   240 |               81.8461 |
      192 |                76.953 |         294.163909912 |                   306 |              116.7786 |
      193 |               88.3027 |         291.792816162 |                   231 |              106.8366 |
      194 |               79.9396 |           290.9949646 |                   322 |               77.7386 |
      195 |               87.3241 |         292.876220703 |                   236 |              109.9949 |
      196 |               82.0748 |         292.297821045 |                   321 |               67.2247 |
      197 |               82.4307 |         292.976074219 |                   352 |               85.3176 |
      198 |               79.5911 |         295.272094727 |                   220 |               91.7778 |
      199 |               76.3383 |         293.161254883 |                   287 |               91.1604 |
      200 |               77.2186 |         293.257507324 |                   321 |               95.0394 |


COEFFICIENTS for OUTPUT y01:
--------------------------------
Number of polynomial terms:         3
Rank of least-squares matrix:       40
R^2 coefficient for this model:     0.266
Adjusted R^2 coefficient:           0.259
Residual sum of squares:            2668.69
Included polynomial terms:          0,2-2-2,2-2-2-2

Polynomial coefficients:

     Polynomial term  |  Coefficient
----------------------+----------------------
            Constant  |   48.0347730824287
              x02**3  |   0.000679711388308392
              x02**4  |  -8.49419952049686e-006



COEFFICIENTS for OUTPUT y02:
--------------------------------
Number of polynomial terms:         3
Rank of least-squares matrix:       40
R^2 coefficient for this model:     0.060
Adjusted R^2 coefficient:           0.050
Residual sum of squares:            14528.8
Included polynomial terms:          0,3,5-5-5-5

Polynomial coefficients:

     Polynomial term  |  Coefficient
----------------------+----------------------
            Constant  |   312.504092818656
                 x03  |  -0.350731185359161
              x05**4  |   2.77357998479347e-009



COEFFICIENTS for OUTPUT y03:
--------------------------------
Number of polynomial terms:         12
Rank of least-squares matrix:       40
R^2 coefficient for this model:     1.000
Adjusted R^2 coefficient:           1.000
Residual sum of squares:            18.9377
Included polynomial terms:          0,2,5,6,6-6,2-5,2-6,3-5,5-6,5-5-5,6-6-6,2-2-2-2

Polynomial coefficients:

     Polynomial term  |  Coefficient
----------------------+----------------------
            Constant  |   689.019772887136
                 x02  |   6.73331524117471
                 x05  |  -0.452490075372436
                 x06  |  -39.789570581919
              x06**2  |   0.787720528768552
             x02*x05  |  -0.00761736651769671
             x02*x06  |  -0.0690345903280579
             x03*x05  |   0.000591617949303618
             x05*x06  |   0.0202410509938974
              x05**3  |  -5.56282323727728e-007
              x06**3  |  -0.00645485304537681
              x02**4  |  -1.52306016274709e-006



COEFFICIENTS for OUTPUT y04:
--------------------------------
Number of polynomial terms:         6
Rank of least-squares matrix:       40
R^2 coefficient for this model:     0.828
Adjusted R^2 coefficient:           0.823
Residual sum of squares:            6630.96
Included polynomial terms:          0,1,1-1,2-5,1-1-1,1-1-1-1

Polynomial coefficients:

     Polynomial term  |  Coefficient
----------------------+----------------------
            Constant  |  -5738.33029343864
                 x01  |   2034.24138910461
              x01**2  |  -262.959890632389
             x02*x05  |   0.00302202599827966
              x01**3  |   14.7880595333818
              x01**4  |  -0.305073750505935

